/N3G0G49Z.0                                      0.         0.         .0         0.         0.         
/N4G30G91X.0Y.0Z.0A.0C.0                         .0         .0         .0         .0         .0         
N18G0G90G43X.0Y6.8519Z-8.2682A-90.C.0            .0         6.8519     -8.2682    -90        .0         
N30X-.1805Y8.7364Z-10.6169A-92.291C1.825H6       -.1805     8.7364     -10.6169   -92.291    1.825      
N31Z-13.3795                                     -.1805     8.7364     -13.3795   -92.291    1.825      
N32G1X-.1543Y8.6445Z-13.4203A-92.675C.82F60.     -.1543     8.6445     -13.4203   -92.675    .82        
N2048X-.0147Y6.9796Z-13.031A-92.513C-30.197      -.0147     6.9796     -13.031    -92.513    -30.197    
N2049X-.0166Y6.9799Z-13.0285A-92.491C-30.305     -.0166     6.9799     -13.0285   -92.491    -30.305    
N2050X-.0184Y6.9805Z-13.0261A-92.47C-30.414      -.0184     6.9805     -13.0261   -92.47     -30.414    
N2051X-.0201Y6.9814Z-13.0238A-92.448C-30.522     -.0201     6.9814     -13.0238   -92.448    -30.522    
N2052X-.0211Y6.9823Z-13.0222A-92.433C-30.595     -.0211     6.9823     -13.0222   -92.433    -30.595    
N2053G0Z-9.7385                                  -.0211     6.9823     -9.7385    -92.433    -30.595    
N2054X.0Y6.8519Z-9.2682A-90.C.0                  .0         6.8519     -9.2682    -90        .0         
